  0.000000E+00  0.301339E-01 
  0.200000E-01  0.827910E-01 
  0.400000E-01  0.114296E+00 
  0.600000E-01  0.115755E+00 
  0.800000E-01  0.848257E-01 
  0.100000E+00  0.261183E-01 
  0.120000E+00 -0.499603E-01 
  0.140000E+00 -0.129626E+00 
  0.160000E+00 -0.198807E+00 
  0.180000E+00 -0.246173E+00 
  0.200000E+00 -0.265408E+00 
  0.220000E+00 -0.256246E+00 
  0.240000E+00 -0.224086E+00 
  0.260000E+00 -0.178366E+00 
  0.280000E+00 -0.130156E+00 
  0.300000E+00 -0.895838E-01 
  0.320000E+00 -0.637239E-01 
  0.340000E+00 -0.554111E-01 
  0.360000E+00 -0.631861E-01 
  0.380000E+00 -0.822841E-01 
  0.400000E+00 -0.106317E+00 
  0.420000E+00 -0.129156E+00 
  0.440000E+00 -0.146500E+00 
  0.460000E+00 -0.156753E+00 
  0.480000E+00 -0.161038E+00 
  0.500000E+00 -0.162431E+00 
  0.520000E+00 -0.164692E+00 
  0.540000E+00 -0.170922E+00 
  0.560000E+00 -0.182534E+00 
  0.580000E+00 -0.198818E+00 
  0.600000E+00 -0.217223E+00 
  0.620000E+00 -0.234206E+00 
  0.640000E+00 -0.246391E+00 
  0.660000E+00 -0.251662E+00 
  0.680000E+00 -0.249862E+00 
  0.700000E+00 -0.242883E+00 
  0.720000E+00 -0.234143E+00 
  0.740000E+00 -0.227585E+00 
  0.760000E+00 -0.226531E+00 
  0.780000E+00 -0.232704E+00 
  0.800000E+00 -0.245734E+00 
  0.820000E+00 -0.263279E+00 
  0.840000E+00 -0.281728E+00 
  0.860000E+00 -0.297284E+00 
  0.880000E+00 -0.307093E+00 
  0.900000E+00 -0.310101E+00 
  0.920000E+00 -0.307361E+00 
  0.940000E+00 -0.301721E+00 
  0.960000E+00 -0.296957E+00 
  0.980000E+00 -0.296620E+00 
  0.100000E+01 -0.302939E+00 
  0.102000E+01 -0.316104E+00 
  0.104000E+01 -0.334154E+00 
  0.106000E+01 -0.353531E+00 
  0.108000E+01 -0.370127E+00 
  0.110000E+01 -0.380543E+00 
  0.112000E+01 -0.383180E+00 
  0.114000E+01 -0.378825E+00 
  0.116000E+01 -0.370529E+00 
  0.118000E+01 -0.362798E+00 
  0.120000E+01 -0.360283E+00 
  0.122000E+01 -0.366350E+00 
  0.124000E+01 -0.381937E+00 
  0.126000E+01 -0.405068E+00 
  0.128000E+01 -0.431195E+00 
  0.130000E+01 -0.454337E+00 
  0.132000E+01 -0.468733E+00 
  0.134000E+01 -0.470585E+00 
  0.136000E+01 -0.459396E+00 
  0.138000E+01 -0.438501E+00 
  0.140000E+01 -0.414580E+00 
  0.142000E+01 -0.396228E+00 
  0.144000E+01 -0.391880E+00 
  0.146000E+01 -0.407605E+00 
  0.148000E+01 -0.445345E+00 
  0.150000E+01 -0.502063E+00 
  0.152000E+01 -0.570071E+00 
  0.154000E+01 -0.638519E+00 
  0.156000E+01 -0.695704E+00 
  0.158000E+01 -0.731680E+00 
  0.160000E+01 -0.740518E+00 
  0.162000E+01 -0.721678E+00 
  0.164000E+01 -0.680140E+00 
  0.166000E+01 -0.625250E+00 
  0.168000E+01 -0.568570E+00 
  0.170000E+01 -0.521234E+00 
  0.172000E+01 -0.491475E+00 
  0.174000E+01 -0.482900E+00 
  0.176000E+01 -0.493927E+00 
  0.178000E+01 -0.518493E+00 
  0.180000E+01 -0.547822E+00 
  0.182000E+01 -0.572791E+00 
  0.184000E+01 -0.586269E+00 
  0.186000E+01 -0.584864E+00 
  0.188000E+01 -0.569627E+00 
  0.190000E+01 -0.545585E+00 
  0.192000E+01 -0.520256E+00 
  0.194000E+01 -0.501545E+00 
  0.196000E+01 -0.495614E+00 
  0.198000E+01 -0.505250E+00 
  0.200000E+01 -0.529182E+00 
  0.202000E+01 -0.562472E+00 
  0.204000E+01 -0.597882E+00 
  0.206000E+01 -0.627813E+00 
  0.208000E+01 -0.646309E+00 
  0.210000E+01 -0.650592E+00 
  0.212000E+01 -0.641730E+00 
  0.214000E+01 -0.624269E+00 
  0.216000E+01 -0.604967E+00 
  0.218000E+01 -0.590950E+00 
  0.220000E+01 -0.587806E+00 
  0.222000E+01 -0.598117E+00 
  0.224000E+01 -0.620807E+00 
  0.226000E+01 -0.651464E+00 
  0.228000E+01 -0.683553E+00 
  0.230000E+01 -0.710169E+00 
  0.232000E+01 -0.725882E+00 
  0.234000E+01 -0.728177E+00 
  0.236000E+01 -0.718121E+00 
  0.238000E+01 -0.700093E+00 
  0.240000E+01 -0.680657E+00 
  0.242000E+01 -0.666872E+00 
  0.244000E+01 -0.664484E+00 
  0.246000E+01 -0.676470E+00 
  0.248000E+01 -0.702285E+00 
  0.250000E+01 -0.738011E+00 
  0.252000E+01 -0.777338E+00 
  0.254000E+01 -0.813131E+00 
  0.256000E+01 -0.839174E+00 
  0.258000E+01 -0.851654E+00 
  0.260000E+01 -0.850030E+00 
  0.262000E+01 -0.837070E+00 
  0.264000E+01 -0.818083E+00 
  0.266000E+01 -0.799531E+00 
  0.268000E+01 -0.787351E+00 
  0.270000E+01 -0.785398E+00 
  0.272000E+01 -0.794329E+00 
  0.274000E+01 -0.811150E+00 
  0.276000E+01 -0.829493E+00 
  0.278000E+01 -0.840507E+00 
  0.280000E+01 -0.834130E+00 
  0.282000E+01 -0.800488E+00 
  0.284000E+01 -0.731134E+00 
  0.286000E+01 -0.619971E+00 
  0.288000E+01 -0.463764E+00 
  0.290000E+01 -0.262298E+00 
  0.292000E+01 -0.182502E-01 
  0.294000E+01  0.263066E+00 
  0.296000E+01  0.574002E+00 
  0.298000E+01  0.904877E+00 
  0.300000E+01  0.124430E+01 
  0.302000E+01  0.157958E+01 
  0.304000E+01  0.189728E+01 
  0.306000E+01  0.218398E+01 
  0.308000E+01  0.242727E+01 
  0.310000E+01  0.261677E+01 
  0.312000E+01  0.274511E+01 
  0.314000E+01  0.280870E+01 
  0.316000E+01  0.280799E+01 
  0.318000E+01  0.274733E+01 
  0.320000E+01  0.263426E+01 
  0.322000E+01  0.247843E+01 
  0.324000E+01  0.229040E+01 
  0.326000E+01  0.208038E+01 
  0.328000E+01  0.185733E+01 
  0.330000E+01  0.162841E+01 
  0.332000E+01  0.139897E+01 
  0.334000E+01  0.117277E+01 
  0.336000E+01  0.952617E+00 
  0.338000E+01  0.740853E+00 
  0.340000E+01  0.539815E+00 
  0.342000E+01  0.351966E+00 
  0.344000E+01  0.179756E+00 
  0.346000E+01  0.252661E-01 
  0.348000E+01 -0.110237E+00 
  0.350000E+01 -0.226649E+00 
  0.352000E+01 -0.325148E+00 
  0.354000E+01 -0.408030E+00 
  0.356000E+01 -0.478263E+00 
  0.358000E+01 -0.538882E+00 
  0.360000E+01 -0.592383E+00 
  0.362000E+01 -0.640274E+00 
  0.364000E+01 -0.682917E+00 
  0.366000E+01 -0.719693E+00 
  0.368000E+01 -0.749446E+00 
  0.370000E+01 -0.771061E+00 
  0.372000E+01 -0.784013E+00 
  0.374000E+01 -0.788715E+00 
  0.376000E+01 -0.786550E+00 
  0.378000E+01 -0.779583E+00 
  0.380000E+01 -0.770018E+00 
  0.382000E+01 -0.759571E+00 
  0.384000E+01 -0.748932E+00 
  0.386000E+01 -0.737501E+00 
  0.388000E+01 -0.723478E+00 
  0.390000E+01 -0.704311E+00 
  0.392000E+01 -0.677389E+00 
  0.394000E+01 -0.640788E+00 
  0.396000E+01 -0.593880E+00 
  0.398000E+01 -0.537609E+00 
  0.400000E+01 -0.474356E+00 
  0.402000E+01 -0.407409E+00 
  0.404000E+01 -0.340172E+00 
  0.406000E+01 -0.275328E+00 
  0.408000E+01 -0.214168E+00 
  0.410000E+01 -0.156294E+00 
  0.412000E+01 -0.997801E-01 
  0.414000E+01 -0.417583E-01 
  0.416000E+01  0.207050E-01 
  0.418000E+01  0.896772E-01 
  0.420000E+01  0.165615E+00 
  0.422000E+01  0.247011E+00 
  0.424000E+01  0.330532E+00 
  0.426000E+01  0.411629E+00 
  0.428000E+01  0.485466E+00 
  0.430000E+01  0.547934E+00 
  0.432000E+01  0.596500E+00 
  0.434000E+01  0.630676E+00 
  0.436000E+01  0.651986E+00 
  0.438000E+01  0.663455E+00 
  0.440000E+01  0.668757E+00 
  0.442000E+01  0.671236E+00 
  0.444000E+01  0.673060E+00 
  0.446000E+01  0.674727E+00 
  0.448000E+01  0.675015E+00 
  0.450000E+01  0.671411E+00 
  0.452000E+01  0.660856E+00 
  0.454000E+01  0.640627E+00 
  0.456000E+01  0.609108E+00 
  0.458000E+01  0.566253E+00 
  0.460000E+01  0.513637E+00 
  0.462000E+01  0.454086E+00 
  0.464000E+01  0.391001E+00 
  0.466000E+01  0.327576E+00 
  0.468000E+01  0.266109E+00 
  0.470000E+01  0.207587E+00 
  0.472000E+01  0.151643E+00 
  0.474000E+01  0.968827E-01 
  0.476000E+01  0.414607E-01 
  0.478000E+01 -0.162527E-01 
  0.480000E+01 -0.771096E-01 
  0.482000E+01 -0.140879E+00 
  0.484000E+01 -0.206268E+00 
  0.486000E+01 -0.271260E+00 
  0.488000E+01 -0.333641E+00 
  0.490000E+01 -0.391585E+00 
  0.492000E+01 -0.444104E+00 
  0.494000E+01 -0.491247E+00 
  0.496000E+01 -0.534001E+00 
  0.498000E+01 -0.573928E+00 
  0.500000E+01 -0.612650E+00 
  0.502000E+01 -0.651342E+00 
  0.504000E+01 -0.690381E+00 
  0.506000E+01 -0.729242E+00 
  0.508000E+01 -0.766687E+00 
  0.510000E+01 -0.801171E+00 
  0.512000E+01 -0.831349E+00 
  0.514000E+01 -0.856534E+00 
  0.516000E+01 -0.876954E+00 
  0.518000E+01 -0.893752E+00 
  0.520000E+01 -0.908697E+00 
  0.522000E+01 -0.923709E+00 
  0.524000E+01 -0.940320E+00 
  0.526000E+01 -0.959235E+00 
  0.528000E+01 -0.980116E+00 
  0.530000E+01 -0.100167E+01 
  0.532000E+01 -0.102201E+01 
  0.534000E+01 -0.103919E+01 
  0.536000E+01 -0.105180E+01 
  0.538000E+01 -0.105942E+01 
  0.540000E+01 -0.106275E+01 
  0.542000E+01 -0.106354E+01 
  0.544000E+01 -0.106416E+01 
  0.546000E+01 -0.106695E+01 
  0.548000E+01 -0.107364E+01 
  0.550000E+01 -0.108487E+01 
  0.552000E+01 -0.110000E+01 
  0.554000E+01 -0.111726E+01 
  0.556000E+01 -0.113423E+01 
  0.558000E+01 -0.114844E+01 
  0.560000E+01 -0.115805E+01 
  0.562000E+01 -0.116236E+01 
  0.564000E+01 -0.116196E+01 
  0.566000E+01 -0.115863E+01 
  0.568000E+01 -0.115482E+01 
  0.570000E+01 -0.115301E+01 
  0.572000E+01 -0.115503E+01 
  0.574000E+01 -0.116149E+01 
  0.576000E+01 -0.117156E+01 
  0.578000E+01 -0.118311E+01 
  0.580000E+01 -0.119311E+01 
  0.582000E+01 -0.119832E+01 
  0.584000E+01 -0.119593E+01 
  0.586000E+01 -0.118415E+01 
  0.588000E+01 -0.116245E+01 
  0.590000E+01 -0.113148E+01 
  0.592000E+01 -0.109270E+01 
  0.594000E+01 -0.104772E+01 
  0.596000E+01 -0.997729E+00 
  0.598000E+01 -0.942956E+00 
  0.600000E+01 -0.882454E+00 
  0.602000E+01 -0.814226E+00 
  0.604000E+01 -0.735683E+00 
  0.606000E+01 -0.644311E+00 
  0.608000E+01 -0.538416E+00 
  0.610000E+01 -0.417744E+00 
  0.612000E+01 -0.283846E+00 
  0.614000E+01 -0.140089E+00 
  0.616000E+01  0.868557E-02 
  0.618000E+01  0.156767E+00 
  0.620000E+01  0.298331E+00 
  0.622000E+01  0.428161E+00 
  0.624000E+01  0.542210E+00 
  0.626000E+01  0.637898E+00 
  0.628000E+01  0.714122E+00 
  0.630000E+01  0.771020E+00 
  0.632000E+01  0.809583E+00 
  0.634000E+01  0.831246E+00 
  0.636000E+01  0.837546E+00 
  0.638000E+01  0.829946E+00 
  0.640000E+01  0.809832E+00 
  0.642000E+01  0.778654E+00 
  0.644000E+01  0.738137E+00 
  0.646000E+01  0.690472E+00 
  0.648000E+01  0.638408E+00 
  0.650000E+01  0.585187E+00 
  0.652000E+01  0.534324E+00 
  0.654000E+01  0.489277E+00 
  0.656000E+01  0.453061E+00 
  0.658000E+01  0.427919E+00 
  0.660000E+01  0.415098E+00 
  0.662000E+01  0.414802E+00 
  0.664000E+01  0.426305E+00 
  0.666000E+01  0.448211E+00 
  0.668000E+01  0.478782E+00 
  0.670000E+01  0.516268E+00 
  0.672000E+01  0.559162E+00 
  0.674000E+01  0.606345E+00 
  0.676000E+01  0.657091E+00 
  0.678000E+01  0.710966E+00 
  0.680000E+01  0.767654E+00 
  0.682000E+01  0.826773E+00 
  0.684000E+01  0.887729E+00 
  0.686000E+01  0.949646E+00 
  0.688000E+01  0.101139E+01 
  0.690000E+01  0.107165E+01 
  0.692000E+01  0.112912E+01 
  0.694000E+01  0.118260E+01 
  0.696000E+01  0.123117E+01 
  0.698000E+01  0.127422E+01 
  0.700000E+01  0.131147E+01 
  0.702000E+01  0.134289E+01 
  0.704000E+01  0.136859E+01 
  0.706000E+01  0.138874E+01 
  0.708000E+01  0.140347E+01 
  0.710000E+01  0.141277E+01 
  0.712000E+01  0.141651E+01 
  0.714000E+01  0.141448E+01 
  0.716000E+01  0.140641E+01 
  0.718000E+01  0.139209E+01 
  0.720000E+01  0.137139E+01 
  0.722000E+01  0.134437E+01 
  0.724000E+01  0.131126E+01 
  0.726000E+01  0.127247E+01 
  0.728000E+01  0.122856E+01 
  0.730000E+01  0.118019E+01 
  0.732000E+01  0.112805E+01 
  0.734000E+01  0.107283E+01 
  0.736000E+01  0.101514E+01 
  0.738000E+01  0.955473E+00 
  0.740000E+01  0.894204E+00 
  0.742000E+01  0.831580E+00 
  0.744000E+01  0.767751E+00 
  0.746000E+01  0.702808E+00 
  0.748000E+01  0.636831E+00 
  0.750000E+01  0.569942E+00 
  0.752000E+01  0.502348E+00 
  0.754000E+01  0.434363E+00 
  0.756000E+01  0.366406E+00 
  0.758000E+01  0.298974E+00 
  0.760000E+01  0.232589E+00 
  0.762000E+01  0.167738E+00 
  0.764000E+01  0.104810E+00 
  0.766000E+01  0.440475E-01 
  0.768000E+01 -0.144774E-01 
  0.770000E+01 -0.708527E-01 
  0.772000E+01 -0.125292E+00 
  0.774000E+01 -0.178076E+00 
  0.776000E+01 -0.229488E+00 
  0.778000E+01 -0.279760E+00 
  0.780000E+01 -0.329026E+00 
  0.782000E+01 -0.377317E+00 
  0.784000E+01 -0.424569E+00 
  0.786000E+01 -0.470656E+00 
  0.788000E+01 -0.515427E+00 
  0.790000E+01 -0.558742E+00 
  0.792000E+01 -0.600498E+00 
  0.794000E+01 -0.640628E+00 
  0.796000E+01 -0.679104E+00 
  0.798000E+01 -0.715914E+00 
  0.800000E+01 -0.751053E+00 
  0.802000E+01 -0.784513E+00 
  0.804000E+01 -0.816295E+00 
  0.806000E+01 -0.846414E+00 
  0.808000E+01 -0.874921E+00 
  0.810000E+01 -0.901903E+00 
  0.812000E+01 -0.927472E+00 
  0.814000E+01 -0.951731E+00 
  0.816000E+01 -0.974724E+00 
  0.818000E+01 -0.996378E+00 
  0.820000E+01 -0.101646E+01 
  0.822000E+01 -0.103456E+01 
  0.824000E+01 -0.105009E+01 
  0.826000E+01 -0.106237E+01 
  0.828000E+01 -0.107071E+01 
  0.830000E+01 -0.107450E+01 
  0.832000E+01 -0.107331E+01 
  0.834000E+01 -0.106694E+01 
  0.836000E+01 -0.105542E+01 
  0.838000E+01 -0.103898E+01 
  0.840000E+01 -0.101789E+01 
  0.842000E+01 -0.992375E+00 
  0.844000E+01 -0.962512E+00 
  0.846000E+01 -0.928119E+00 
  0.848000E+01 -0.888769E+00 
  0.850000E+01 -0.843852E+00 
  0.852000E+01 -0.792703E+00 
  0.854000E+01 -0.734758E+00 
  0.856000E+01 -0.669728E+00 
  0.858000E+01 -0.597711E+00 
  0.860000E+01 -0.519253E+00 
  0.862000E+01 -0.435317E+00 
  0.864000E+01 -0.347185E+00 
  0.866000E+01 -0.256295E+00 
  0.868000E+01 -0.164075E+00 
  0.870000E+01 -0.717901E-01 
  0.872000E+01  0.195405E-01 
  0.874000E+01  0.109181E+00 
  0.876000E+01  0.196618E+00 
  0.878000E+01  0.281469E+00 
  0.880000E+01  0.363358E+00 
  0.882000E+01  0.441816E+00 
  0.884000E+01  0.516226E+00 
  0.886000E+01  0.585826E+00 
  0.888000E+01  0.649777E+00 
  0.890000E+01  0.707272E+00 
  0.892000E+01  0.757668E+00 
  0.894000E+01  0.800599E+00 
  0.896000E+01  0.836056E+00 
  0.898000E+01  0.864408E+00 
  0.900000E+01  0.886369E+00 
  0.902000E+01  0.902927E+00 
  0.904000E+01  0.915237E+00 
  0.906000E+01  0.924526E+00 
  0.908000E+01  0.931997E+00 
  0.910000E+01  0.938771E+00 
  0.912000E+01  0.945842E+00 
  0.914000E+01  0.954052E+00 
  0.916000E+01  0.964075E+00 
  0.918000E+01  0.976391E+00 
  0.920000E+01  0.991262E+00 
  0.922000E+01  0.100870E+01 
  0.924000E+01  0.102843E+01 
  0.926000E+01  0.104994E+01 
  0.928000E+01  0.107243E+01 
  0.930000E+01  0.109495E+01 
  0.932000E+01  0.111645E+01 
  0.934000E+01  0.113585E+01 
  0.936000E+01  0.115218E+01 
  0.938000E+01  0.116460E+01 
  0.940000E+01  0.117242E+01 
  0.942000E+01  0.117511E+01 
  0.944000E+01  0.117221E+01 
  0.946000E+01  0.116333E+01 
  0.948000E+01  0.114809E+01 
  0.950000E+01  0.112613E+01 
  0.952000E+01  0.109716E+01 
  0.954000E+01  0.106105E+01 
  0.956000E+01  0.101792E+01 
  0.958000E+01  0.968212E+00 
  0.960000E+01  0.912738E+00 
  0.962000E+01  0.852630E+00 
  0.964000E+01  0.789238E+00 
  0.966000E+01  0.723960E+00 
  0.968000E+01  0.658060E+00 
  0.970000E+01  0.592497E+00 
  0.972000E+01  0.527824E+00 
  0.974000E+01  0.464166E+00 
  0.976000E+01  0.401311E+00 
  0.978000E+01  0.338854E+00 
  0.980000E+01  0.276406E+00 
  0.982000E+01  0.213769E+00 
  0.984000E+01  0.151064E+00 
  0.986000E+01  0.887542E-01 
  0.988000E+01  0.275702E-01 
  0.990000E+01 -0.316583E-01 
  0.992000E+01 -0.882078E-01 
  0.994000E+01 -0.141657E+00 
  0.996000E+01 -0.192014E+00 
  0.998000E+01 -0.239741E+00 
  0.100000E+02 -0.285662E+00 
  0.100200E+02 -0.330778E+00 
  0.100400E+02 -0.376029E+00 
  0.100600E+02 -0.422076E+00 
  0.100800E+02 -0.469138E+00 
  0.101000E+02 -0.516960E+00 
  0.101200E+02 -0.564879E+00 
  0.101400E+02 -0.612014E+00 
  0.101600E+02 -0.657492E+00 
  0.101800E+02 -0.700675E+00 
  0.102000E+02 -0.741316E+00 
  0.102200E+02 -0.779601E+00 
  0.102400E+02 -0.816076E+00 
  0.102600E+02 -0.851456E+00 
  0.102800E+02 -0.886400E+00 
  0.103000E+02 -0.921282E+00 
  0.103200E+02 -0.956040E+00 
  0.103400E+02 -0.990128E+00 
  0.103600E+02 -0.102260E+01 
  0.103800E+02 -0.105230E+01 
  0.104000E+02 -0.107810E+01 
  0.104200E+02 -0.109911E+01 
  0.104400E+02 -0.111487E+01 
  0.104600E+02 -0.112541E+01 
  0.104800E+02 -0.113114E+01 
  0.105000E+02 -0.113275E+01 
  0.105200E+02 -0.113097E+01 
  0.105400E+02 -0.112637E+01 
  0.105600E+02 -0.111918E+01 
  0.105800E+02 -0.110933E+01 
  0.106000E+02 -0.109640E+01 
  0.106200E+02 -0.107984E+01 
  0.106400E+02 -0.105910E+01 
  0.106600E+02 -0.103380E+01 
  0.106800E+02 -0.100385E+01 
  0.107000E+02 -0.969454E+00 
  0.107200E+02 -0.931038E+00 
  0.107400E+02 -0.889136E+00 
  0.107600E+02 -0.844248E+00 
  0.107800E+02 -0.796719E+00 
  0.108000E+02 -0.746706E+00 
  0.108200E+02 -0.694208E+00 
  0.108400E+02 -0.639167E+00 
  0.108600E+02 -0.581605E+00 
  0.108800E+02 -0.521738E+00 
  0.109000E+02 -0.460033E+00 
  0.109200E+02 -0.397185E+00 
  0.109400E+02 -0.333998E+00 
  0.109600E+02 -0.271220E+00 
  0.109800E+02 -0.209365E+00 
  0.110000E+02 -0.148581E+00 
  0.110200E+02 -0.886244E-01 
  0.110400E+02 -0.289385E-01 
  0.110600E+02  0.311535E-01 
  0.110800E+02  0.921977E-01 
  0.111000E+02  0.154362E+00 
  0.111200E+02  0.217265E+00 
  0.111400E+02  0.279931E+00 
  0.111600E+02  0.340900E+00 
  0.111800E+02  0.398476E+00 
  0.112000E+02  0.451051E+00 
  0.112200E+02  0.497436E+00 
  0.112400E+02  0.537097E+00 
  0.112600E+02  0.570250E+00 
  0.112800E+02  0.597765E+00 
  0.113000E+02  0.620903E+00 
  0.113200E+02  0.640955E+00 
  0.113400E+02  0.658851E+00 
  0.113600E+02  0.674860E+00 
  0.113800E+02  0.688453E+00 
  0.114000E+02  0.698355E+00 
  0.114200E+02  0.702812E+00 
  0.114400E+02  0.699972E+00 
  0.114600E+02  0.688319E+00 
  0.114800E+02  0.667040E+00 
  0.115000E+02  0.636234E+00 
  0.115200E+02  0.596916E+00 
  0.115400E+02  0.550810E+00 
  0.115600E+02  0.499992E+00 
  0.115800E+02  0.446460E+00 
  0.116000E+02  0.391747E+00 
  0.116200E+02  0.336668E+00 
  0.116400E+02  0.281257E+00 
  0.116600E+02  0.224913E+00 
  0.116800E+02  0.166693E+00 
  0.117000E+02  0.105691E+00 
  0.117200E+02  0.413850E-01 
  0.117400E+02 -0.261317E-01 
  0.117600E+02 -0.960935E-01 
  0.117800E+02 -0.167197E+00 
  0.118000E+02 -0.237873E+00 
  0.118200E+02 -0.306649E+00 
  0.118400E+02 -0.372467E+00 
  0.118600E+02 -0.434891E+00 
  0.118800E+02 -0.494155E+00 
  0.119000E+02 -0.551015E+00 
  0.119200E+02 -0.606461E+00 
  0.119400E+02 -0.661371E+00 
  0.119600E+02 -0.716182E+00 
  0.119800E+02 -0.770685E+00 
  0.120000E+02 -0.823984E+00 
  0.120200E+02 -0.874654E+00 
  0.120400E+02 -0.921027E+00 
  0.120600E+02 -0.961566E+00 
  0.120800E+02 -0.995203E+00 
  0.121000E+02 -0.102156E+01 
  0.121200E+02 -0.104099E+01 
  0.121400E+02 -0.105447E+01 
  0.121600E+02 -0.106324E+01 
  0.121800E+02 -0.106847E+01 
  0.122000E+02 -0.107087E+01 
  0.122200E+02 -0.107047E+01 
  0.122400E+02 -0.106650E+01 
  0.122600E+02 -0.105754E+01 
  0.122800E+02 -0.104185E+01 
  0.123000E+02 -0.101776E+01 
  0.123200E+02 -0.984055E+00 
  0.123400E+02 -0.940364E+00 
  0.123600E+02 -0.887257E+00 
  0.123800E+02 -0.826207E+00 
  0.124000E+02 -0.759331E+00 
  0.124200E+02 -0.688999E+00 
  0.124400E+02 -0.617402E+00 
  0.124600E+02 -0.546167E+00 
  0.124800E+02 -0.476132E+00 
  0.125000E+02 -0.407299E+00 
  0.125200E+02 -0.339002E+00 
  0.125400E+02 -0.270229E+00 
  0.125600E+02 -0.200013E+00 
  0.125800E+02 -0.127819E+00 
