183
210
230
18
47
140
247
166
370
306
48
374
224
276
216
180
197
366
9
17
133
381
173
349
225
192
254
357
282
165
23
43
146
234
185
348
356
237
204
250
240
220
189
310
160
34
6
174
242
187
142
38
63
321
302
244
161
343
144
151
15
274
347
378
193
149
24
262
198
181
330
380
333
186
329
372
3
132
273
256
199
383
289
49
60
153
10
309
266
235
239
363
201
178
58
152
352
51
315
11
200
159
371
286
188
150
136
316
283
261
40
212
175
322
176
202
271
354
241
259
382
57
325
228
30
326
53
323
351
209
163
36
292
341
21
147
278
277
222
14
268
342
384
379
8
135
251
170
350
267
217
245
272
301
130
248
211
196
305
31
299
298
270
338
169
44
154
156
265
33
295
134
332
25
232
312
364
335
41
145
291
177
22
1
19
300
131
275
203
215
360
290
296
246
236
279
141
184
56
137
143
287
28
179
35
263
264
367
375
207
281
368
344
171
218
318
59
260
39
172
26
253
214
129
52
252
12
13
20
285
29
158
311
359
167
346
314
62
64
182
55
324
233
361
355
328
353
16
162
61
362
313
336
138
269
334
337
195
249
45
54
227
168
219
27
304
213
157
221
50
148
164
155
223
194
4
345
2
7
229
365
191
255
376
226
243
303
373
358
293
231
257
280
284
319
377
369
308
297
258
327
238
139
339
37
5
307
340
294
206
317
42
331
320
208
288
32
46
190
205
