0	2.5484700881678166   2.8108068730895734  3.419095276918137
0	3.859002667826629   3.131991623384828  9.709835896364327
0	2.6778244533632627   3.555382273024375  16.184989379118246
0	3.8961538828324485   3.076161202290265  22.06114368452447
0	2.8663659163384536   9.683070555880926  3.807096125012749
0	3.5647341968956274   9.451186092369406  10.087913173484289
0	3.22709969946191   9.114294659772632  15.120858459105746
0	2.6280501319799243   9.168849627384425  22.521706481796734
0	3.1764518519899143   16.51479805023106  3.0637179055316817
0	2.8053974949900597   15.19534124979316  9.15216205529153
0	3.5192875633666927   15.166382585550476  15.544840985718274
0	2.90338583994454   15.103259240013228  22.288834304477884
0	2.4222159495582147   22.180918602722496  3.254603789686416
0	2.5675061026238932   22.525260711793354  9.334174986921292
0	2.50369683999187   22.24832297465711  15.450618191689825
0	2.4534902565138315   22.055750908838725  22.33624157361036
0	8.987194059174236   3.6800224755964996  3.3833563900575774
0	8.797305827293128   2.982712602154399  9.748893117434852
0	8.794749567725352   2.87085512541785  15.613383768963814
0	9.104082487157749   3.4648372770034226  21.51068896183961
0	9.576798003030095   9.770860458763002  3.8258534446015524
0	9.031574981364097   10.070946870718057  9.497632819943448
0	9.876624778331708   10.015072922345583  16.06496306629563
0	8.746074900095826   9.520085012877376  22.27527900550001
0	10.05580838797586   16.229982798306185  3.149535588518555
0	9.361604235218003   16.39101793517509  9.05766110274396
0	10.161288881190087   15.512066764174161  15.821278129599323
0	8.866811064172147   16.06066640973395  21.743446992030734
0	8.943021604516925   22.29726530503413  2.6665578306721645
0	9.677123030519102   22.790934167847354  9.57793594839136
0	10.12947802739705   22.276613768572037  16.05401052426413
0	10.13115074758733   21.797634211849278  22.257504617733417
0	15.588615060790934   3.8769887438146267  3.164309462444708
0	15.954963636761343   3.8363457253183535  9.70887466019256
0	16.221196741292363   3.75179525577823  15.746057840601104
0	15.052900719921803   3.241909696917  21.92033946391941
0	15.471826598363656   8.821929006026064  3.3800318712974278
0	15.596888422554581   9.967720306682665  9.986193166761414
0	15.239883278730291   9.009412650611434  16.024367238314614
0	16.155778606074172   9.280891444638922  22.69917053889703
0	15.365180244461063   15.96887990530322  3.747074410981949
0	16.12892667860026   16.384130747974883  9.709518702549609
0	15.19434365199106   15.398047999263667  15.49780124006807
0	15.698683058799594   15.324631786476289  22.674438677542692
0	15.50203590326761   22.24280083091898  2.4792165602011615
0	15.68983152982184   22.78212367564104  9.214283685416683
0	15.423462728362306   21.72751838225593  16.327016482973658
0	15.156345446764902   21.74491416996414  21.844787740070785
0	22.513913394068812   3.7464329777961853  3.3044459467951843
0	22.170159181781237   2.586435343930232  8.990051683362687
0	22.29112342767514   3.845219368754944  15.582116321558875
0	21.471528196210613   3.546011289241566  21.921121156060206
0	22.440595441545366   9.264367390309124  3.7790129772134438
0	22.71873483355602   9.07425089391635  9.507297218378426
0	22.776864818193395   9.536015873199732  15.505976623785399
0	21.793372884935653   9.673970331633493  21.431257861151483
0	21.48085180805226   16.128254896907595  3.412506694722834
0	22.573093582582803   15.686152689710017  10.021744616449698
0	21.421621924275065   15.827382534869171  15.43843001242214
0	22.283911935924788   15.192936192701533  22.50657979532927
0	22.775746130710914   22.1087890534282  3.4349957529943884
0	22.672488980017786   22.335804829304877  9.0802307265321
0	21.468848973139224   22.476737116090526  15.623363257007115
0	22.236827371621487   22.81048487035014  22.003061547674193
1	3.761529911832183   3.499193126910426  2.8909047230818627
1	2.4509973321733707   3.1780083766151717  9.220164103635673
1	3.632175546636737   2.7546177269756247  15.365010620881751
1	2.413846117167551   3.2338387977097347  22.10885631547553
1	3.443634083661546   9.246929444119074  2.5029038749872505
1	2.745265803104372   9.478813907630594  8.842086826515711
1	3.0829003005380895   9.815705340227368  16.429141540894253
1	3.6819498680200753   9.761150372615575  21.648293518203268
1	3.1335481480100853   15.035201949768938  3.246282094468318
1	3.50460250500994   16.354658750206838  9.77783794470847
1	2.790712436633307   16.38361741444952  16.005159014281723
1	3.40661416005546   16.446740759986767  21.881165695522117
1	3.887784050441785   21.989081397277506  3.0553962103135834
1	3.7424938973761064   21.644739288206647  9.595825013078707
1	3.8063031600081296   21.92167702534289  16.09938180831017
1	3.856509743486168   22.114249091161277  21.833758426389643
1	9.942805940825764   2.6299775244035  2.9266436099424222
1	10.132694172706872   3.3272873978456006  9.181106882565148
1	10.135250432274647   3.4391448745821496  15.936616231036183
1	9.825917512842251   2.845162722996577  22.659311038160393
1	9.353201996969904   9.159139541236998  2.484146555398447
1	9.898425018635903   8.859053129281943  9.432367180056552
1	9.053375221668292   8.914927077654417  15.48503693370437
1	10.183925099904174   9.409914987122624  21.89472099449999
1	8.87419161202414   15.320017201693814  3.1604644114814446
1	9.568395764781997   15.15898206482491  9.87233889725604
1	8.768711118809913   16.037933235825836  15.728721870400674
1	10.063188935827853   15.489333590266048  22.426553007969268
1	9.986978395483074   21.87273469496587  3.643442169327835
1	9.252876969480898   21.379065832152648  9.35206405160864
1	8.800521972602949   21.893386231427964  15.495989475735866
1	8.79884925241267   22.372365788150724  21.912495382266584
1	15.961384939209063   2.433011256185373  3.1456905375552915
1	15.595036363238654   2.473654274681646  9.22112533980744
1	15.328803258707634   2.5582047442217695  15.803942159398893
1	16.497099280078196   3.068090303083  22.24966053608059
1	16.07817340163634   10.108070993973936  2.929968128702572
1	15.953111577445416   8.962279693317335  8.943806833238586
1	16.310116721269708   9.920587349388565  15.525632761685383
1	15.394221393925825   9.649108555361078  21.470829461102973
1	16.184819755538932   15.581120094696777  2.5629255890180507
1	15.421073321399739   15.165869252025113  9.220481297450391
1	16.35565634800894   16.15195200073633  16.052198759931926
1	15.851316941200404   16.22536821352371  21.49556132245731
1	16.047964096732386   21.92719916908102  3.830783439798838
1	15.860168470178158   21.387876324358963  9.715716314583316
1	16.12653727163769   22.442481617744072  15.222983517026337
1	16.393654553235095   22.42508583003586  22.325212259929216
1	21.65608660593119   2.5635670222038143  3.0055540532048153
1	21.999840818218765   3.7235646560697675  9.939948316637313
1	21.878876572324863   2.4647806312450555  15.967883678441122
1	22.69847180378939   2.7639887107584338  22.248878843939796
1	21.729404558454636   9.665632609690876  2.530987022786556
1	21.45126516644398   9.85574910608365  9.422702781621574
1	21.393135181806606   9.393984126800268  16.0440233762146
1	22.37662711506435   9.256029668366507  22.73874213884852
1	22.68914819194774   15.421745103092402  2.8974933052771656
1	21.5969064174172   15.86384731028998  8.908255383550301
1	22.748378075724936   15.722617465130826  16.111569987577855
1	21.886088064075214   16.357063807298466  21.663420204670732
1	21.394253869289088   22.0612109465718  2.875004247005611
1	21.497511019982216   21.834195170695125  9.8497692734679
1	22.701151026860778   21.693262883909476  15.926636742992882
1	21.933172628378514   21.35951512964986  22.16693845232581
2	3.155   0.0  0.0
2	3.155   0.0  6.31
2	3.155   0.0  12.62
2	3.155   0.0  18.93
2	3.155   6.31  0.0
2	3.155   6.31  6.31
2	3.155   6.31  12.62
2	3.155   6.31  18.93
2	3.155   12.62  0.0
2	3.155   12.62  6.31
2	3.155   12.62  12.62
2	3.155   12.62  18.93
2	3.155   18.93  0.0
2	3.155   18.93  6.31
2	3.155   18.93  12.62
2	3.155   18.93  18.93
2	9.465   0.0  0.0
2	9.465   0.0  6.31
2	9.465   0.0  12.62
2	9.465   0.0  18.93
2	9.465   6.31  0.0
2	9.465   6.31  6.31
2	9.465   6.31  12.62
2	9.465   6.31  18.93
2	9.465   12.62  0.0
2	9.465   12.62  6.31
2	9.465   12.62  12.62
2	9.465   12.62  18.93
2	9.465   18.93  0.0
2	9.465   18.93  6.31
2	9.465   18.93  12.62
2	9.465   18.93  18.93
2	15.774999999999999   0.0  0.0
2	15.774999999999999   0.0  6.31
2	15.774999999999999   0.0  12.62
2	15.774999999999999   0.0  18.93
2	15.774999999999999   6.31  0.0
2	15.774999999999999   6.31  6.31
2	15.774999999999999   6.31  12.62
2	15.774999999999999   6.31  18.93
2	15.774999999999999   12.62  0.0
2	15.774999999999999   12.62  6.31
2	15.774999999999999   12.62  12.62
2	15.774999999999999   12.62  18.93
2	15.774999999999999   18.93  0.0
2	15.774999999999999   18.93  6.31
2	15.774999999999999   18.93  12.62
2	15.774999999999999   18.93  18.93
2	22.085   0.0  0.0
2	22.085   0.0  6.31
2	22.085   0.0  12.62
2	22.085   0.0  18.93
2	22.085   6.31  0.0
2	22.085   6.31  6.31
2	22.085   6.31  12.62
2	22.085   6.31  18.93
2	22.085   12.62  0.0
2	22.085   12.62  6.31
2	22.085   12.62  12.62
2	22.085   12.62  18.93
2	22.085   18.93  0.0
2	22.085   18.93  6.31
2	22.085   18.93  12.62
2	22.085   18.93  18.93
2	0.0   3.155  0.0
2	0.0   3.155  6.31
2	0.0   3.155  12.62
2	0.0   3.155  18.93
2	0.0   9.465  0.0
2	0.0   9.465  6.31
2	0.0   9.465  12.62
2	0.0   9.465  18.93
2	0.0   15.774999999999999  0.0
2	0.0   15.774999999999999  6.31
2	0.0   15.774999999999999  12.62
2	0.0   15.774999999999999  18.93
2	0.0   22.085  0.0
2	0.0   22.085  6.31
2	0.0   22.085  12.62
2	0.0   22.085  18.93
2	6.31   3.155  0.0
2	6.31   3.155  6.31
2	6.31   3.155  12.62
2	6.31   3.155  18.93
2	6.31   9.465  0.0
2	6.31   9.465  6.31
2	6.31   9.465  12.62
2	6.31   9.465  18.93
2	6.31   15.774999999999999  0.0
2	6.31   15.774999999999999  6.31
2	6.31   15.774999999999999  12.62
2	6.31   15.774999999999999  18.93
2	6.31   22.085  0.0
2	6.31   22.085  6.31
2	6.31   22.085  12.62
2	6.31   22.085  18.93
2	12.62   3.155  0.0
2	12.62   3.155  6.31
2	12.62   3.155  12.62
2	12.62   3.155  18.93
2	12.62   9.465  0.0
2	12.62   9.465  6.31
2	12.62   9.465  12.62
2	12.62   9.465  18.93
2	12.62   15.774999999999999  0.0
2	12.62   15.774999999999999  6.31
2	12.62   15.774999999999999  12.62
2	12.62   15.774999999999999  18.93
2	12.62   22.085  0.0
2	12.62   22.085  6.31
2	12.62   22.085  12.62
2	12.62   22.085  18.93
2	18.93   3.155  0.0
2	18.93   3.155  6.31
2	18.93   3.155  12.62
2	18.93   3.155  18.93
2	18.93   9.465  0.0
2	18.93   9.465  6.31
2	18.93   9.465  12.62
2	18.93   9.465  18.93
2	18.93   15.774999999999999  0.0
2	18.93   15.774999999999999  6.31
2	18.93   15.774999999999999  12.62
2	18.93   15.774999999999999  18.93
2	18.93   22.085  0.0
2	18.93   22.085  6.31
2	18.93   22.085  12.62
2	18.93   22.085  18.93
2	0.0   0.0  3.155
2	0.0   0.0  9.465
2	0.0   0.0  15.774999999999999
2	0.0   0.0  22.085
2	0.0   6.31  3.155
2	0.0   6.31  9.465
2	0.0   6.31  15.774999999999999
2	0.0   6.31  22.085
2	0.0   12.62  3.155
2	0.0   12.62  9.465
2	0.0   12.62  15.774999999999999
2	0.0   12.62  22.085
2	0.0   18.93  3.155
2	0.0   18.93  9.465
2	0.0   18.93  15.774999999999999
2	0.0   18.93  22.085
2	6.31   0.0  3.155
2	6.31   0.0  9.465
2	6.31   0.0  15.774999999999999
2	6.31   0.0  22.085
2	6.31   6.31  3.155
2	6.31   6.31  9.465
2	6.31   6.31  15.774999999999999
2	6.31   6.31  22.085
2	6.31   12.62  3.155
2	6.31   12.62  9.465
2	6.31   12.62  15.774999999999999
2	6.31   12.62  22.085
2	6.31   18.93  3.155
2	6.31   18.93  9.465
2	6.31   18.93  15.774999999999999
2	6.31   18.93  22.085
2	12.62   0.0  3.155
2	12.62   0.0  9.465
2	12.62   0.0  15.774999999999999
2	12.62   0.0  22.085
2	12.62   6.31  3.155
2	12.62   6.31  9.465
2	12.62   6.31  15.774999999999999
2	12.62   6.31  22.085
2	12.62   12.62  3.155
2	12.62   12.62  9.465
2	12.62   12.62  15.774999999999999
2	12.62   12.62  22.085
2	12.62   18.93  3.155
2	12.62   18.93  9.465
2	12.62   18.93  15.774999999999999
2	12.62   18.93  22.085
2	18.93   0.0  3.155
2	18.93   0.0  9.465
2	18.93   0.0  15.774999999999999
2	18.93   0.0  22.085
2	18.93   6.31  3.155
2	18.93   6.31  9.465
2	18.93   6.31  15.774999999999999
2	18.93   6.31  22.085
2	18.93   12.62  3.155
2	18.93   12.62  9.465
2	18.93   12.62  15.774999999999999
2	18.93   12.62  22.085
2	18.93   18.93  3.155
2	18.93   18.93  9.465
2	18.93   18.93  15.774999999999999
2	18.93   18.93  22.085
3	0.0   0.0  0.0
3	0.0   0.0  6.31
3	0.0   0.0  12.62
3	0.0   0.0  18.93
3	0.0   6.31  0.0
3	0.0   6.31  6.31
3	0.0   6.31  12.62
3	0.0   6.31  18.93
3	0.0   12.62  0.0
3	0.0   12.62  6.31
3	0.0   12.62  12.62
3	0.0   12.62  18.93
3	0.0   18.93  0.0
3	0.0   18.93  6.31
3	0.0   18.93  12.62
3	0.0   18.93  18.93
3	6.31   0.0  0.0
3	6.31   0.0  6.31
3	6.31   0.0  12.62
3	6.31   0.0  18.93
3	6.31   6.31  0.0
3	6.31   6.31  6.31
3	6.31   6.31  12.62
3	6.31   6.31  18.93
3	6.31   12.62  0.0
3	6.31   12.62  6.31
3	6.31   12.62  12.62
3	6.31   12.62  18.93
3	6.31   18.93  0.0
3	6.31   18.93  6.31
3	6.31   18.93  12.62
3	6.31   18.93  18.93
3	12.62   0.0  0.0
3	12.62   0.0  6.31
3	12.62   0.0  12.62
3	12.62   0.0  18.93
3	12.62   6.31  0.0
3	12.62   6.31  6.31
3	12.62   6.31  12.62
3	12.62   6.31  18.93
3	12.62   12.62  0.0
3	12.62   12.62  6.31
3	12.62   12.62  12.62
3	12.62   12.62  18.93
3	12.62   18.93  0.0
3	12.62   18.93  6.31
3	12.62   18.93  12.62
3	12.62   18.93  18.93
3	18.93   0.0  0.0
3	18.93   0.0  6.31
3	18.93   0.0  12.62
3	18.93   0.0  18.93
3	18.93   6.31  0.0
3	18.93   6.31  6.31
3	18.93   6.31  12.62
3	18.93   6.31  18.93
3	18.93   12.62  0.0
3	18.93   12.62  6.31
3	18.93   12.62  12.62
3	18.93   12.62  18.93
3	18.93   18.93  0.0
3	18.93   18.93  6.31
3	18.93   18.93  12.62
3	18.93   18.93  18.93
